33,87
33,86
33,2
33,0
37,35
33,4
33,28
33,27
33,26
33,25
33,24
33,23
33,22
33,21
33,20
33,19
33,18
33,14
33,13
33,12
33,11
33,10
33,9
33,7
33,8
33,6
33,16
33,15
33,5
33,1
33,17
33,3
14,4
35,7
35,6
35,5
35,4
35,3
35,2
35,1
35,0
10,165
34,5
10,159
34,4
10,13
34,3
10,131
34,2
34,1
10,125
34,0
33,85
10,247
33,84
33,83
10,209
33,82
33,81
33,80
33,79
10,139
33,78
33,77
33,76
33,75
33,74
33,73
33,72
33,71
11,5
11,4
11,12
33,70
11,23
33,69
11,19
11,18
33,68
33,67
9,5
33,66
33,65
8,13
8,7
8,8
8,14
33,64
33,37
33,36
33,35
33,34
33,33
33,32
33,31
8,10
33,30
0,318
33,29
31,6
31,1
31,3
30,4
30,3
30,1
29,4
29,3
29,1
28,5
28,4
28,3
28,1
27,5
27,4
27,3
27,1
26,4
26,3
26,1
25,4
25,3
25,1
24,5
